0.16747331619262695
0.16938281059265137
0.1609957218170166
0.1616971492767334
0.16190838813781738
0.16129374504089355
0.15988969802856445
0.1562824249267578
0.16491055488586426
0.16447854042053223
0.16147708892822266
0.16330528259277344
0.17097806930541992
0.1649484634399414
0.1585836410522461
0.12070822715759277
0.16152191162109375
0.16173696517944336
0.16190266609191895
0.15914702415466309
0.16573858261108398
0.16340088844299316
0.1623227596282959
0.1654191017150879
0.12098336219787598
0.16211652755737305
0.1652059555053711
0.16013407707214355
0.1624164581298828
0.16099929809570312
0.16023731231689453
0.16031408309936523
0.1675560474395752
0.16793107986450195
0.16184449195861816
0.16882896423339844
0.16202259063720703
0.16023993492126465
0.16176533699035645
0.16483259201049805
0.1227884292602539
0.1625218391418457
0.12100887298583984
0.1657571792602539
0.16208958625793457
0.1592259407043457
0.12362456321716309
0.16910219192504883
0.12134408950805664
0.15441060066223145
0.16059350967407227
0.16022801399230957
0.11506390571594238
0.12378048896789551
0.1786048412322998
0.16322541236877441
0.1627659797668457
0.15371918678283691
0.15941953659057617
0.15996408462524414
0.16054987907409668
0.16350674629211426
0.16205406188964844
0.16013288497924805
0.16402459144592285
0.12255358695983887
0.15402674674987793
0.16228771209716797
0.16498088836669922
0.1596815586090088
0.16501331329345703
0.16303110122680664
0.12058115005493164
0.16613268852233887
0.1604619026184082
0.16249322891235352
0.16093206405639648
0.1625373363494873
0.16135478019714355
0.16406726837158203
0.16557931900024414
0.16223835945129395
0.16220450401306152
0.16075468063354492
0.15955543518066406
0.1613454818725586
0.12215924263000488
0.1638164520263672
0.12694644927978516
0.16387224197387695
0.19170284271240234
0.1599893569946289
0.1623058319091797
0.1634502410888672
0.12149763107299805
0.16216111183166504
0.17820239067077637
0.16094136238098145
0.16039490699768066
0.12106084823608398
0.1756114959716797
0.15350914001464844
0.1592252254486084
0.1609947681427002
0.16041827201843262
0.16685771942138672
0.11506319046020508
0.16677570343017578
0.12544488906860352
0.16182303428649902
0.17675089836120605
0.16164231300354004
0.16195106506347656
0.11355066299438477
0.1616983413696289
0.12633442878723145
0.16361141204833984
0.12066364288330078
0.16107535362243652
0.16715645790100098
0.16585779190063477
0.16503596305847168
0.1803112030029297
0.16168928146362305
0.1259784698486328
0.17590069770812988
0.16181731224060059
0.15430831909179688
0.16101646423339844
0.16035914421081543
0.16167235374450684
0.16735005378723145
0.16301441192626953
0.11489272117614746
0.1642622947692871
0.1227273941040039
0.1618204116821289
0.18320727348327637
0.16163277626037598
0.16463446617126465
0.12340974807739258
0.16096854209899902
0.16318535804748535
0.16168737411499023
0.1665208339691162
0.16186165809631348
0.15488839149475098
0.1633749008178711
0.16359305381774902
0.16076445579528809
0.1640012264251709
0.12504005432128906
0.1599729061126709
0.12021327018737793
0.1644911766052246
0.16104674339294434
0.16405868530273438
0.16220903396606445
0.1603257656097412
0.16387724876403809
0.12133359909057617
0.15590620040893555
0.1640169620513916
0.16365408897399902
0.12378334999084473
0.15984034538269043
0.16270780563354492
0.16485381126403809
0.16265606880187988
0.12504196166992188
0.15268993377685547
0.12263107299804688
0.16104817390441895
0.16079497337341309
0.16079473495483398
0.16019463539123535
0.16475558280944824
0.16378021240234375
0.16116571426391602
0.1609804630279541
0.12740707397460938
0.16466927528381348
0.12897133827209473
0.16106629371643066
0.16032981872558594
0.16274166107177734
0.12482595443725586
0.16864299774169922
0.16475629806518555
0.12076544761657715
0.16013288497924805
0.1619887351989746
0.17238783836364746
0.15910887718200684
0.1607518196105957
0.16098809242248535
0.11965394020080566
0.16260409355163574
0.16190242767333984
0.16842412948608398
0.16213464736938477
0.155226469039917
0.16017556190490723
0.16173601150512695
0.11984586715698242
0.16174626350402832
0.17230725288391113
0.16098690032958984
0.16381502151489258
0.12544536590576172
0.1645500659942627
0.11446619033813477
0.1653146743774414
0.17611479759216309
0.16726183891296387
0.17069125175476074
0.16103744506835938
0.1619126796722412
0.16036105155944824
0.16303277015686035
0.16721248626708984
0.16341114044189453
0.16149306297302246
0.16323494911193848
0.1614387035369873
0.1647045612335205
0.16446495056152344
0.1291027069091797
0.16331195831298828
0.1230936050415039
0.17012381553649902
0.12099051475524902
0.16413164138793945
0.16004276275634766
0.14909601211547852
0.16322827339172363
0.12335586547851562
0.16035056114196777
0.1618344783782959
0.16014671325683594
0.16037988662719727
0.16239118576049805
0.16651082038879395
0.16090846061706543
0.16330647468566895
0.12443327903747559
0.15968728065490723
0.16594791412353516
0.17120599746704102
0.16837191581726074
0.1620943546295166
0.16727423667907715
0.1598367691040039
0.1640458106994629
0.12219786643981934
0.1668860912322998
0.16205310821533203
0.16670536994934082
0.16251659393310547
0.15926241874694824
0.16190171241760254
0.18204450607299805
0.1613786220550537
0.17820262908935547
0.16215205192565918
0.16536355018615723
0.16707801818847656
0.12222123146057129
0.16192150115966797
0.16138029098510742
0.12672710418701172
0.1626737117767334
0.11673688888549805
0.16236066818237305
0.16358184814453125
0.16029024124145508
0.1688249111175537
0.1594841480255127
0.17053556442260742
0.1282367706298828
0.16333246231079102
0.1610417366027832
0.16396117210388184
0.11554622650146484
0.1617717742919922
0.1755237579345703
0.1625382900238037
0.16147828102111816
0.12074923515319824
0.16199564933776855
0.1223442554473877
0.16868972778320312
0.16042852401733398
0.16107845306396484
0.12451982498168945
0.15890049934387207
0.1629800796508789
0.12125492095947266
0.16425323486328125
0.12261700630187988
0.16229915618896484
0.16469645500183105
0.1591472625732422
0.12554621696472168
0.17051148414611816
0.15917754173278809
0.16324663162231445
0.16083741188049316
0.16206836700439453
0.1636643409729004
0.12321257591247559
0.16161394119262695
0.12171435356140137
0.16022944450378418
0.15969347953796387
0.16012859344482422
0.1611640453338623
0.11878728866577148
0.3751509189605713
0.37976765632629395
0.16370773315429688
0.16002440452575684
0.1683351993560791
0.16405463218688965
0.2242269515991211
0.2239542007446289
0.22392916679382324
0.03177452087402344
0.44728517532348633
0.35688138008117676
0.36041855812072754
0.2238140106201172
0.058254241943359375
0.04184770584106445
0.04736948013305664
0.15632224082946777
0.4003751277923584
0.3984506130218506
0.3958573341369629
0.3970332145690918
0.3979790210723877
0.39716315269470215
0.3969895839691162
0.3961164951324463
0.4144928455352783
